0.9463420740731767 0.8817204301075269 0.16279069767441862 0.8913043478260869 0.7142857142857143 0.6716417910447762 0.6666666666666666 0.9547112388589648 0.3229166666666667
0.9101494749296843 0.8387096774193549 0.3697674418604651 0.9456521739130435 0.7142857142857143 1.0 0.7555555555555555 0.9998188449554358 0.010416666666666666
0.33684255159338294 0.8817204301075269 0.03023255813953488 0.9565217391304348 0.7142857142857143 0.6716417910447762 0.6666666666666666 0.9994323808603656 0.9895833333333334
0.981995570066247 0.978494623655914 0.27674418604651163 1.0 0.6071428571428571 0.6716417910447762 0.7111111111111111 0.9945605178618873 0.9166666666666666
0.9858662095395009 0.8602150537634409 0.04186046511627906 0.9456521739130435 0.7142857142857143 0.835820895522388 0.26666666666666666 0.9859713533489529 0.9583333333333334
0.95598333828016 0.978494623655914 0.027906976744186046 0.9891304347826086 0.6071428571428571 1.0 0.7111111111111111 0.9902055505905654 0.03125
0.9798674250454805 0.7419354838709677 0.0627906976744186 0.7391304347826086 0.48214285714285715 0.835820895522388 0.4222222222222222 0.9972657665273786 0.07291666666666667
0.9867505809997436 0.9032258064516129 0.3534883720930233 0.967391304347826 0.6071428571428571 0.6716417910447762 0.7111111111111111 0.9998357527595951 0.9375
0.9886182604534524 0.956989247311828 0.3116279069767442 0.9891304347826086 0.6071428571428571 0.835820895522388 0.17777777777777778 0.9899978261394653 0.9583333333333334
0.980616515939887 0.8494623655913979 0.17674418604651165 0.9456521739130435 0.7142857142857143 0.6716417910447762 0.7555555555555555 0.9974831525808555 0.08333333333333333
0.9627514047978162 0.8924731182795699 0.25116279069767444 0.967391304347826 0.35714285714285715 0.835820895522388 0.35555555555555557 0.9910606024009081 0.052083333333333336
0.984452830493451 0.8494623655913979 0.37209302325581395 0.8478260869565217 0.7142857142857143 0.835820895522388 0.7555555555555555 0.9838772010337915 0.07291666666666667
0.9804004708571337 0.8279569892473119 0.2813953488372093 0.8369565217391305 0.48214285714285715 0.835820895522388 0.4222222222222222 0.998077341127026 0.03125
0.9938417055850682 0.8494623655913979 0.1372093023255814 0.8478260869565217 0.7142857142857143 0.6716417910447762 0.6666666666666666 0.9996980749257264 0.9791666666666666
0.9644232302980009 0.8709677419354839 0.03488372093023256 0.9565217391304348 0.7142857142857143 1.0 0.7555555555555555 0.9981763725513876 0.3645833333333333
0.7328713602965673 0.8172043010752689 0.23953488372093024 0.8260869565217391 0.8928571428571429 0.835820895522388 0.9111111111111111 0.9993357648365981 0.020833333333333332
0.985664298247208 0.8494623655913979 0.013953488372093023 0.9456521739130435 0.7142857142857143 0.6716417910447762 0.6666666666666666 0.9999806767952465 0.9270833333333334
