0.9656750803102165 0.989247311827957 0.6720930232558139 1.0 0.8392857142857143 1.0 0.8222222222222222 0.999577304896017 0.9791666666666666
0.9959617741541431 0.978494623655914 0.8023255813953488 1.0 0.7142857142857143 1.0 0.7555555555555555 0.9998188449554358 0.9791666666666666
0.9917216370159934 0.9139784946236559 0.8558139534883721 0.967391304347826 0.7142857142857143 1.0 0.7555555555555555 0.9998188449554358 0.9166666666666666
0.9769821126786158 0.8387096774193549 0.6581395348837209 0.9456521739130435 0.8928571428571429 0.835820895522388 0.9111111111111111 0.9957126639453153 0.9270833333333334
0.9759725562171515 0.8494623655913979 0.5395348837209302 0.9456521739130435 0.8392857142857143 1.0 0.8222222222222222 0.999577304896017 0.9791666666666666
0.998960156844692 0.5268817204301075 0.23953488372093024 0.5217391304347826 0.48214285714285715 0.835820895522388 0.4222222222222222 0.9997415521364219 0.375
0.9935731635663188 1.0 0.4953488372093023 1.0 0.7142857142857143 1.0 0.6666666666666666 0.9982898963793145 0.9479166666666666
0.937811321973804 0.978494623655914 0.5651162790697674 1.0 1.0 1.0 0.9555555555555556 0.9949880437670587 0.40625
0.9820298949859368 0.8172043010752689 0.727906976744186 0.8260869565217391 0.8928571428571429 0.835820895522388 0.9111111111111111 0.9993357648365981 0.6875
0.9693094835714877 1.0 0.35581395348837214 1.0 0.7142857142857143 1.0 0.7555555555555555 0.9948672737373493 0.96875
0.8721901519786297 0.9247311827956989 0.30465116279069765 0.9782608695652174 0.8392857142857143 1.0 0.8666666666666667 0.996195744064153 0.09375
0.9972237197309733 0.5268817204301075 0.19767441860465115 0.5217391304347826 0.8392857142857143 0.835820895522388 0.7333333333333333 0.9986111446583416 0.3333333333333333
0.9811556190903089 0.9354838709677419 0.10232558139534885 0.9456521739130435 0.8035714285714286 0.0 0.8666666666666667 0.9992149948068887 0.10416666666666667
0.8982367086844066 1.0 0.5 1.0 0.8928571428571429 0.835820895522388 0.9111111111111111 0.996195744064153 0.6145833333333334
0.9841701546842411 0.956989247311828 0.43255813953488365 0.9891304347826086 0.8392857142857143 0.6716417910447762 0.8222222222222222 0.9997222289316684 0.9583333333333334
0.9850585643703296 0.8172043010752689 0.6720930232558139 0.8260869565217391 0.8928571428571429 0.835820895522388 0.9111111111111111 0.9981280645395039 0.65625
0.9852604756626224 0.8172043010752689 0.6395348837209303 0.8260869565217391 0.8928571428571429 0.835820895522388 0.9111111111111111 0.9976449844206662 0.6875
0.9678961045254378 0.8172043010752689 0.7604651162790697 0.8260869565217391 0.8928571428571429 0.835820895522388 0.9111111111111111 0.9993357648365981 0.5833333333333334
0.9915197257237005 0.8172043010752689 0.741860465116279 0.8260869565217391 0.8035714285714286 0.835820895522388 0.8666666666666667 0.9993357648365981 0.6875
0.985664298247208 0.8172043010752689 0.6534883720930232 0.8260869565217391 0.8928571428571429 0.835820895522388 0.9111111111111111 0.9981280645395039 0.65625
0.9858662095395009 0.8172043010752689 0.6395348837209303 0.8260869565217391 0.8928571428571429 0.835820895522388 0.9111111111111111 0.997886524480085 0.65625
0.9872795885855509 0.9354838709677419 0.5046511627906977 0.9782608695652174 0.7142857142857143 1.0 0.8222222222222222 0.999577304896017 0.65625
0.9967694193233145 0.967741935483871 0.26744186046511625 0.9891304347826086 0.7142857142857143 0.6716417910447762 0.7555555555555555 0.999577304896017 0.3854166666666667
0.9975770644924858 0.6989247311827957 0.5 0.6956521739130435 0.8035714285714286 0.835820895522388 0.8666666666666667 0.9994565348663076 0.020833333333333332
0.9707228626175376 1.0 0.6767441860465115 1.0 0.8392857142857143 1.0 0.8222222222222222 0.9998188449554358 0.3125
0.9712276408482697 0.978494623655914 0.18372093023255814 1.0 0.8392857142857143 1.0 0.8222222222222222 0.9999396149851453 0.11458333333333333
0.983241362739694 0.967741935483871 0.1116279069767442 0.9891304347826086 0.8392857142857143 1.0 0.8222222222222222 0.9996570131156252 1.0
0.985664298247208 0.8172043010752689 0.6069767441860464 0.8260869565217391 0.8928571428571429 0.835820895522388 0.9111111111111111 0.9983696045989228 0.6458333333333334
0.970656231891081 1.0 0.26744186046511625 1.0 0.7142857142857143 1.0 0.7555555555555555 0.9847636530518586 0.9375
0.9872129578590942 0.8602150537634409 0.43023255813953487 0.9456521739130435 0.7142857142857143 1.0 0.6666666666666666 0.9999009685756383 0.9583333333333334
0.9861488853487108 1.0 0.44418604651162785 1.0 0.7142857142857143 0.6716417910447762 0.7555555555555555 0.9999154609792034 0.9791666666666666
0.9908635140237488 0.989247311827957 0.5255813953488372 1.0 0.7142857142857143 0.6716417910447762 0.6666666666666666 0.9984299896137775 0.9791666666666666
0.9943464838158004 0.8172043010752689 0.6116279069767441 0.8260869565217391 0.8035714285714286 0.835820895522388 0.8666666666666667 0.9990942247771792 0.041666666666666664
0.9672398928254861 0.9139784946236559 0.1883720930232558 0.967391304347826 0.8392857142857143 1.0 0.8222222222222222 0.9952295838264776 0.9270833333333334
0.9868757660009652 0.8494623655913979 0.39999999999999997 0.8478260869565217 0.8392857142857143 0.835820895522388 0.8222222222222222 0.9856887514794329 0.9479166666666666
0.9824942909582105 0.9247311827956989 0.3674418604651163 0.9782608695652174 0.6071428571428571 1.0 0.7111111111111111 0.9998913069732616 0.9895833333333334
0.9944474394619468 0.989247311827957 0.5627906976744186 1.0 0.7142857142857143 0.6716417910447762 0.6666666666666666 0.99474650370764 0.90625
0.9928826269466773 0.8817204301075269 0.23255813953488372 0.8804347826086957 0.8035714285714286 0.6716417910447762 0.8666666666666667 0.9993961498514529 0.10416666666666667
0.9945887773665517 0.989247311827957 0.4186046511627907 1.0 0.7142857142857143 0.6716417910447762 0.7555555555555555 0.9996256129079008 0.9791666666666666
0.9997980887077071 0.946236559139785 0.046511627906976744 0.9891304347826086 0.7142857142857143 0.6716417910447762 0.7555555555555555 0.9996980749257264 0.052083333333333336
0.9855633426010616 0.8494623655913979 0.38139534883720927 0.8478260869565217 0.8392857142857143 0.835820895522388 0.8222222222222222 0.9994565348663076 0.9166666666666666
0.9919235483082862 0.46236559139784944 0.2116279069767442 0.4673913043478261 0.8035714285714286 0.835820895522388 0.8666666666666667 0.9992874568247144 0.6770833333333334
0.9826356288628154 0.989247311827957 0.22558139534883723 1.0 0.7142857142857143 1.0 0.7555555555555555 0.9994975966764088 0.8854166666666666
0.9818946144201006 0.9354838709677419 0.2186046511627907 0.9782608695652174 0.7142857142857143 1.0 0.7555555555555555 0.9998985531750441 0.96875
0.865325168040673 0.8172043010752689 0.3581395348837209 0.8260869565217391 1.0 1.0 0.9555555555555556 0.9981280645395039 0.6666666666666666
0.971530507786709 0.978494623655914 0.797674418604651 0.9891304347826086 0.8928571428571429 1.0 0.9111111111111111 0.9981280645395039 0.08333333333333333
0.9473011527115677 0.989247311827957 0.23720930232558143 1.0 0.8928571428571429 0.835820895522388 0.9111111111111111 0.9952295838264776 0.07291666666666667
0.9670480770978079 1.0 0.023255813953488372 1.0 0.7142857142857143 1.0 0.7555555555555555 0.9975483683968988 0.40625
0.9693094835714877 0.8172043010752689 0.6395348837209303 0.8260869565217391 0.8035714285714286 0.835820895522388 0.8666666666666667 0.9998188449554358 0.59375
0.9899327029662789 1.0 0.45581395348837206 1.0 0.7142857142857143 0.6716417910447762 0.6666666666666666 0.9998188449554358 0.90625
0.9887757512614408 0.9032258064516129 0.4023255813953488 0.967391304347826 0.6964285714285714 0.6716417910447762 0.8 0.9997343059346392 0.0
0.9659981383778852 1.0 0.013953488372093023 1.0 0.7142857142857143 1.0 0.7555555555555555 0.9988043767058767 0.4166666666666667
0.9854623869549153 0.989247311827957 0.7116279069767442 1.0 0.6071428571428571 1.0 0.7111111111111111 0.9998188449554358 0.40625
0.9666846367716807 0.978494623655914 0.22325581395348837 0.9891304347826086 0.8392857142857143 0.6716417910447762 0.8222222222222222 0.989674162459844 0.96875
0.9723623823109555 0.989247311827957 0.06744186046511627 1.0 0.7142857142857143 1.0 0.8222222222222222 0.9996980749257264 0.9791666666666666
0.9528537132496209 0.946236559139785 0.4418604651162791 0.9782608695652174 0.8035714285714286 0.835820895522388 0.8666666666666667 0.9989734547474699 0.010416666666666666
0.9858662095395009 0.9032258064516129 0.8558139534883721 0.967391304347826 0.8928571428571429 0.835820895522388 0.9111111111111111 0.9993357648365981 0.11458333333333333
0.9945483951080932 0.9247311827956989 0.22790697674418606 0.9782608695652174 0.8392857142857143 0.6716417910447762 0.3333333333333333 0.999577304896017 0.10416666666666667
0.9793040925399835 0.8387096774193549 0.5372093023255814 0.9456521739130435 0.8928571428571429 0.835820895522388 0.9111111111111111 0.9954711238858964 0.40625
0.9866738547086723 0.9354838709677419 0.8488372093023255 0.9782608695652174 0.8392857142857143 1.0 0.8222222222222222 0.9998188449554358 0.07291666666666667
0.9988894878923894 0.6989247311827957 0.30465116279069765 0.6956521739130435 0.7142857142857143 0.6716417910447762 0.7555555555555555 0.999577304896017 0.11458333333333333
0.9863205099471598 0.8817204301075269 0.4488372093023255 0.9565217391304348 0.7142857142857143 0.6716417910447762 0.6666666666666666 0.9996980749257264 0.9895833333333334
0.9642617012641665 1.0 0.6186046511627906 1.0 0.7142857142857143 0.6716417910447762 0.8444444444444444 0.999577304896017 0.0
0.9055862797238661 1.0 0.04186046511627906 1.0 0.7142857142857143 1.0 0.7555555555555555 0.9993357648365981 0.40625
0.987077677293258 0.9247311827956989 0.41395348837209295 0.9782608695652174 0.7142857142857143 0.6716417910447762 0.6666666666666666 0.999859906765537 0.9583333333333334
0.9272109791284298 0.7204301075268817 0.053488372093023255 0.717391304347826 0.48214285714285715 0.835820895522388 0.6444444444444445 0.9999806767952465 0.010416666666666666
0.9741957368449745 0.989247311827957 0.11395348837209303 1.0 0.7142857142857143 1.0 0.7555555555555555 0.9990459167652955 0.8958333333333334
0.9913178144314077 0.989247311827957 0.841860465116279 1.0 0.8392857142857143 1.0 0.8222222222222222 0.9969203642424096 0.020833333333333332
0.9988894878923894 0.6989247311827957 0.3116279069767442 0.6956521739130435 0.7142857142857143 0.6716417910447762 0.7555555555555555 0.9994565348663076 0.10416666666666667
0.9837118160507362 0.9354838709677419 0.06744186046511627 0.9456521739130435 0.8035714285714286 0.0 0.8666666666666667 0.9981667109490109 0.03125
0.9925292821851648 0.26881720430107525 0.05116279069767441 0.2717391304347826 0.8392857142857143 0.6716417910447762 0.6222222222222222 0.9994758580710611 0.6354166666666666
0.9991923548308286 0.967741935483871 1.0 0.9891304347826086 0.7142857142857143 1.0 0.7555555555555555 0.9998188449554358 0.041666666666666664
0.9722371973097339 0.6989247311827957 0.30697674418604654 0.6956521739130435 0.8928571428571429 0.835820895522388 0.9111111111111111 0.9992149948068887 0.9895833333333334
0.9864719434163794 0.8602150537634409 0.42790697674418604 0.9456521739130435 0.7142857142857143 0.6716417910447762 0.6666666666666666 0.9998188449554358 1.0
0.990913991846822 0.8172043010752689 0.9558139534883722 0.8260869565217391 0.6071428571428571 0.835820895522388 0.6 0.999577304896017 0.09375
0.985664298247208 0.8494623655913979 0.013953488372093023 0.9456521739130435 0.7142857142857143 0.6716417910447762 0.6666666666666666 0.9999806767952465 0.9270833333333334
0.9970722862617538 1.0 0.03953488372093023 1.0 0.7142857142857143 0.6716417910447762 0.6666666666666666 0.999577304896017 0.3229166666666667
0.5838608265844484 0.8494623655913979 0.11627906976744186 0.8478260869565217 0.8392857142857143 0.5074626865671642 0.8888888888888888 0.9867756817468177 0.6666666666666666
0.9777231271213306 0.989247311827957 0.3 1.0 0.7142857142857143 1.0 0.7555555555555555 0.9998188449554358 0.5833333333333334
0.9725400642481732 0.41935483870967744 0.08604651162790697 0.42391304347826086 0.8035714285714286 0.835820895522388 0.8666666666666667 0.9988937465278617 0.9583333333333334
0.9871665182618667 0.989247311827957 0.32558139534883723 1.0 0.7142857142857143 0.6716417910447762 0.6666666666666666 0.9997632907417696 0.9375
0.9907120805545292 0.9032258064516129 0.4395348837209302 0.967391304347826 0.8392857142857143 1.0 0.7333333333333333 0.9998188449554358 0.4166666666666667
0.993538838646629 0.8172043010752689 0.541860465116279 0.8260869565217391 0.8035714285714286 0.835820895522388 0.8666666666666667 0.999577304896017 0.052083333333333336
0.937811321973804 0.6989247311827957 0.23720930232558143 0.6956521739130435 0.8928571428571429 0.835820895522388 0.9555555555555556 0.999577304896017 0.11458333333333333
0.9829041708815649 0.989247311827957 0.22093023255813954 1.0 0.7142857142857143 1.0 0.7555555555555555 0.9998985531750441 0.6666666666666666
0.9658769916025094 0.8709677419354839 0.5186046511627906 0.9565217391304348 0.8392857142857143 1.0 0.8222222222222222 0.9940218835293834 0.3229166666666667
0.9898761678044368 0.8602150537634409 0.47441860465116276 0.9456521739130435 0.6071428571428571 0.835820895522388 0.17777777777777778 0.9998888915726674 0.4166666666666667
0.9802126933553013 0.8172043010752689 0.6883720930232557 0.8260869565217391 0.8392857142857143 1.0 0.4888888888888889 0.999577304896017 0.5833333333333334
0.9917216370159934 1.0 0.8186046511627906 1.0 0.6071428571428571 0.6716417910447762 0.4888888888888889 0.9998188449554358 0.6458333333333334
0.9997980887077071 0.6881720430107527 0.4883720930232558 0.6956521739130435 0.7142857142857143 0.6716417910447762 0.7555555555555555 0.999577304896017 0.010416666666666666
0.9761744675094444 0.6989247311827957 0.34651162790697676 0.6956521739130435 1.0 0.6716417910447762 1.0 0.9993357648365981 0.010416666666666666
0.9470265533540495 0.989247311827957 0.22325581395348837 1.0 0.6071428571428571 1.0 0.6 0.9998357527595951 0.0625
0.9861569618004026 0.9139784946236559 0.3372093023255814 0.967391304347826 0.7142857142857143 0.6716417910447762 0.6666666666666666 0.9998985531750441 0.9791666666666666
0.983241362739694 0.8387096774193549 0.797674418604651 0.9456521739130435 0.8928571428571429 0.835820895522388 0.9111111111111111 0.9998188449554358 0.11458333333333333
0.9856986231668978 0.7096774193548387 0.19534883720930232 0.7065217391304348 0.8928571428571429 0.2537313432835821 0.9111111111111111 0.9994565348663076 0.6458333333333334
0.9176201927445197 0.8817204301075269 0.27906976744186046 0.9565217391304348 0.8928571428571429 0.835820895522388 0.9111111111111111 0.9996980749257264 0.09375
0.894275209129621 1.0 0.04883720930232558 1.0 0.8035714285714286 0.835820895522388 0.8666666666666667 0.9899519335281756 0.9270833333333334
0.977904847284394 0.978494623655914 0.04186046511627906 0.9891304347826086 0.8928571428571429 0.6716417910447762 0.9111111111111111 0.9996980749257264 0.052083333333333336
0.9754334530667297 0.9247311827956989 0.2697674418604651 0.9782608695652174 0.7142857142857143 1.0 0.7555555555555555 0.9998985531750441 0.625
0.9993942661231214 0.6989247311827957 0.3232558139534884 0.6956521739130435 0.7142857142857143 0.6716417910447762 0.7555555555555555 0.999577304896017 0.07291666666666667
0.9722371973097339 0.989247311827957 0.05581395348837209 1.0 0.8392857142857143 0.6716417910447762 0.8222222222222222 0.9998188449554358 0.9895833333333334
0.9865930901917552 0.8387096774193549 0.43488372093023253 0.9456521739130435 0.7142857142857143 0.6716417910447762 0.6666666666666666 0.9999637689910873 0.8958333333333334
0.9516422454958638 0.9354838709677419 0.21395348837209305 0.9782608695652174 0.8928571428571429 0.835820895522388 0.9111111111111111 0.9993357648365981 0.08333333333333333
0.9314228486856584 1.0 0.16744186046511628 1.0 0.6071428571428571 1.0 0.7111111111111111 0.9992681336199609 0.8541666666666666
0.9761744675094444 1.0 0.6511627906976745 1.0 0.6071428571428571 0.835820895522388 0.4888888888888889 0.9981280645395039 0.6041666666666666
0.968905660986902 1.0 0.03023255813953488 1.0 0.7142857142857143 1.0 0.7555555555555555 0.9980314485157364 0.3333333333333333
0.9867748103548187 0.956989247311828 0.07209302325581396 0.9891304347826086 0.8392857142857143 0.6716417910447762 0.8222222222222222 0.9897949324895534 0.9791666666666666
0.9865385741428361 0.967741935483871 0.10697674418604652 0.9891304347826086 0.7142857142857143 1.0 0.5555555555555556 0.999577304896017 0.9895833333333334
0.9959617741541431 0.8494623655913979 0.9302325581395349 0.9456521739130435 0.7142857142857143 1.0 0.7555555555555555 0.9998188449554358 0.09375
0.9918225926621398 0.8494623655913979 0.3883720930232558 0.9456521739130435 0.8392857142857143 1.0 0.8222222222222222 0.9998188449554358 0.3645833333333333
0.9959617741541431 0.8387096774193549 0.11395348837209303 0.9456521739130435 0.7142857142857143 1.0 0.6666666666666666 0.9998188449554358 0.9895833333333334
0.9725400642481732 0.9032258064516129 0.5581395348837209 0.967391304347826 0.7142857142857143 0.835820895522388 0.26666666666666666 0.9754232989541315 0.9895833333333334
0.9922768930697987 0.5268817204301075 0.18372093023255814 0.5217391304347826 0.8928571428571429 0.835820895522388 0.9111111111111111 0.9951088137967682 0.11458333333333333
0.985018182111871 0.9247311827956989 0.3906976744186046 0.9782608695652174 0.6071428571428571 0.6716417910447762 0.6 0.9999637689910873 0.9895833333333334
0.9504449115325673 0.8387096774193549 0.286046511627907 0.9456521739130435 0.7142857142857143 0.6716417910447762 0.7555555555555555 0.997541122195116 0.9895833333333334
0.9867505809997436 0.9032258064516129 0.3534883720930233 0.967391304347826 0.6071428571428571 0.6716417910447762 0.7111111111111111 0.9998357527595951 0.9375
0.9673307529070178 1.0 0.03023255813953488 1.0 0.7142857142857143 1.0 0.7555555555555555 0.9984179126108065 0.3229166666666667
0.9582043624953813 0.8494623655913979 0.6186046511627906 0.9456521739130435 0.8928571428571429 1.0 0.9111111111111111 0.999577304896017 0.08333333333333333
0.9931854938851166 0.5268817204301075 0.19069767441860466 0.5217391304347826 0.8928571428571429 0.835820895522388 0.9111111111111111 0.9982488345692133 0.10416666666666667
0.9875481306043002 0.9032258064516129 0.43023255813953487 0.967391304347826 0.6071428571428571 0.6716417910447762 0.6 0.9998985531750441 0.9479166666666666
0.9290281807590653 0.7096774193548387 0.044186046511627906 0.7065217391304348 0.44642857142857145 1.0 0.4888888888888889 0.9998188449554358 1.0
0.9959617741541431 0.9032258064516129 0.6325581395348837 0.967391304347826 0.8928571428571429 0.835820895522388 0.9555555555555556 0.9966788241829907 0.07291666666666667
0.9988894878923894 0.6989247311827957 0.32558139534883723 0.6956521739130435 0.7142857142857143 0.6716417910447762 0.7555555555555555 0.9992149948068887 0.052083333333333336
0.9614753254305253 1.0 0.3372093023255814 1.0 0.7142857142857143 1.0 0.7555555555555555 0.9972585203255959 0.40625
0.905505515206949 0.8817204301075269 0.17906976744186046 0.9565217391304348 0.8928571428571429 0.835820895522388 0.9111111111111111 0.9921692712736407 0.6145833333333334
0.9943464838158004 0.989247311827957 0.7325581395348837 1.0 0.8392857142857143 0.835820895522388 0.3333333333333333 0.9949880437670587 0.4270833333333333
0.9587697141138013 1.0 0.023255813953488372 1.0 0.7142857142857143 1.0 0.7555555555555555 0.9984662206226902 0.3333333333333333
0.9945483951080932 0.8172043010752689 0.5720930232558139 0.8260869565217391 0.8035714285714286 0.835820895522388 0.8666666666666667 0.9993357648365981 0.0
0.996163685446436 0.967741935483871 0.20697674418604653 0.9891304347826086 0.7142857142857143 0.6716417910447762 0.7555555555555555 0.9998188449554358 0.3541666666666667
0.9663817698332414 0.8494623655913979 0.3744186046511627 0.9456521739130435 0.44642857142857145 1.0 0.4222222222222222 0.9999396149851453 0.6041666666666666
0.9974761088463394 0.8387096774193549 0.03953488372093023 0.9456521739130435 0.6071428571428571 0.6716417910447762 0.4888888888888889 0.9996980749257264 0.34375
0.8385719218118711 0.8494623655913979 0.12325581395348839 0.8478260869565217 0.7142857142857143 0.5074626865671642 0.7555555555555555 0.9959542040047342 1.0
0.9854623869549153 0.9247311827956989 0.6930232558139534 0.9782608695652174 0.8928571428571429 0.835820895522388 0.9111111111111111 0.9993357648365981 0.03125
0.9988491056339308 0.6451612903225806 0.1744186046511628 0.6521739130434783 0.6071428571428571 0.835820895522388 0.4888888888888889 0.9995048428781913 0.4166666666666667
0.9948007842234593 0.5268817204301075 0.17906976744186046 0.5217391304347826 0.8928571428571429 0.835820895522388 0.9111111111111111 0.9995169198811623 0.09375
0.9438686607425893 1.0 0.6069767441860464 1.0 0.8928571428571429 0.835820895522388 0.9111111111111111 0.9988526847177605 0.052083333333333336
0.9777897578477871 0.9354838709677419 0.6255813953488372 0.9782608695652174 1.0 0.6716417910447762 0.9555555555555556 0.9993357648365981 0.08333333333333333
0.964786670624128 1.0 0.3395348837209302 1.0 0.7142857142857143 1.0 0.7555555555555555 0.9981763725513876 0.375
0.990913991846822 0.8172043010752689 0.8976744186046512 0.8260869565217391 0.8392857142857143 0.835820895522388 0.15555555555555556 0.999577304896017 0.020833333333333332
0.9620406770489454 1.0 0.04186046511627906 1.0 0.44642857142857145 1.0 0.5555555555555556 0.9986594526702253 0.3541666666666667
0.9588100963722598 1.0 0.5697674418604651 1.0 0.8928571428571429 0.835820895522388 0.9111111111111111 0.9981280645395039 0.0625
0.972741975540466 0.8817204301075269 0.6837209302325581 0.9565217391304348 1.0 0.6716417910447762 0.9555555555555556 0.999577304896017 0.07291666666666667
0.9897025240930649 0.8172043010752689 0.6534883720930232 0.8260869565217391 1.0 0.835820895522388 0.9555555555555556 0.9993357648365981 0.09375
0.9961233031879775 0.967741935483871 0.5209302325581395 0.9891304347826086 0.6071428571428571 0.6716417910447762 0.4888888888888889 0.9983696045989228 0.8020833333333334
0.9741553545865159 0.9139784946236559 0.5930232558139535 0.967391304347826 1.0 0.6716417910447762 0.9555555555555556 0.9998188449554358 0.10416666666666667
0.9997980887077071 0.6881720430107527 0.04186046511627906 0.6847826086956522 0.6071428571428571 0.835820895522388 0.6 0.9998478297625661 0.3854166666666667
0.9866233768855991 0.967741935483871 0.025581395348837205 0.9891304347826086 0.8392857142857143 0.6716417910447762 0.8222222222222222 0.9906403226975193 0.9166666666666666
0.9853614313087689 0.9032258064516129 0.5767441860465116 0.967391304347826 0.8928571428571429 0.835820895522388 0.9111111111111111 0.999577304896017 0.08333333333333333
0.9864719434163794 0.8924731182795699 0.07674418604651162 0.9565217391304348 0.8392857142857143 0.6716417910447762 0.8222222222222222 0.9906403226975193 0.8958333333333334
0.9773859352632015 0.956989247311828 0.5604651162790697 0.9891304347826086 1.0 0.6716417910447762 0.9555555555555556 0.9996980749257264 0.0625
0.9749629997556873 1.0 0.28837209302325584 1.0 0.7142857142857143 1.0 0.6666666666666666 0.9988526847177605 0.07291666666666667
0.9941445725235075 0.8172043010752689 0.8372093023255814 0.8260869565217391 0.8035714285714286 0.835820895522388 0.8666666666666667 0.9993357648365981 0.10416666666666667
0.9874814998778436 0.989247311827957 0.7209302325581395 1.0 0.7142857142857143 1.0 0.7555555555555555 0.999577304896017 0.010416666666666666
0.952147023726596 1.0 0.3232558139534884 1.0 0.7142857142857143 1.0 0.7555555555555555 0.9984662206226902 0.3229166666666667
0.9639588343257274 0.946236559139785 0.08139534883720931 0.9456521739130435 0.8035714285714286 0.2537313432835821 0.8666666666666667 0.9964372841235719 0.10416666666666667
0.9645645682026058 1.0 0.3 1.0 0.8035714285714286 0.6716417910447762 0.9111111111111111 0.9986111446583416 0.052083333333333336
0.9849919336438729 0.946236559139785 0.2534883720930233 0.9891304347826086 0.6071428571428571 0.6716417910447762 0.6 0.9923794111253351 0.9895833333333334
0.9828557121714147 0.9032258064516129 0.313953488372093 0.967391304347826 0.6071428571428571 1.0 0.6 0.9998236757566243 0.6354166666666666
0.9919477776633614 0.9139784946236559 0.4023255813953488 0.967391304347826 0.48214285714285715 0.835820895522388 0.08888888888888889 0.9936668196420376 0.9895833333333334
0.9686532718715359 0.8817204301075269 0.2534883720930233 0.8804347826086957 0.8035714285714286 0.6716417910447762 0.8666666666666667 0.9998188449554358 0.6666666666666666
0.9859166873625741 0.8494623655913979 0.027906976744186046 0.9456521739130435 0.8392857142857143 0.6716417910447762 0.8222222222222222 0.9997584599405811 0.9895833333333334
0.9755687336325659 1.0 0.5395348837209302 1.0 0.8392857142857143 0.835820895522388 0.8222222222222222 0.9998188449554358 0.09375
0.9762754231555908 1.0 0.2813953488372093 1.0 0.7142857142857143 1.0 0.6666666666666666 0.9988526847177605 0.0625
0.9853412401795395 0.989247311827957 0.44651162790697674 1.0 0.7142857142857143 0.6716417910447762 0.26666666666666666 0.9998188449554358 0.96875
0.993538838646629 0.5268817204301075 0.18372093023255814 0.5217391304347826 0.8928571428571429 0.835820895522388 0.9111111111111111 0.9980676795246491 0.010416666666666666
0.9931027102552765 0.989247311827957 0.5069767441860464 1.0 0.8035714285714286 0.835820895522388 0.8666666666666667 0.9960894664380089 0.10416666666666667
0.9823670868440659 0.956989247311828 0.17674418604651165 0.9891304347826086 0.8392857142857143 0.835820895522388 0.3333333333333333 0.989674162459844 1.0
0.9895006128007721 0.8172043010752689 0.9372093023255813 0.8260869565217391 0.8035714285714286 0.835820895522388 0.8666666666666667 0.9993357648365981 0.020833333333333332
0.9743572658788088 1.0 0.16744186046511628 1.0 0.7142857142857143 1.0 0.7555555555555555 0.988406077147895 0.10416666666666667
0.9962141632695092 0.7634408602150538 0.23953488372093024 0.7608695652173914 0.7142857142857143 0.835820895522388 0.7555555555555555 0.9992149948068887 0.8958333333333334
0.9988612203114683 0.6129032258064516 0.13953488372093023 0.6086956521739131 0.6071428571428571 0.835820895522388 0.4888888888888889 0.9996304437090893 0.3958333333333333
0.9978678167533875 0.5913978494623656 0.17209302325581396 0.5978260869565217 0.6071428571428571 0.835820895522388 0.4888888888888889 0.9996231975073064 0.3854166666666667
0.9649683907871915 0.6989247311827957 0.19069767441860466 0.6956521739130435 0.8392857142857143 1.0 0.6222222222222222 0.9984903746286321 0.9895833333333334
0.966280814187095 0.978494623655914 0.2930232558139535 0.9891304347826086 0.8392857142857143 0.835820895522388 0.3333333333333333 0.999577304896017 0.34375
0.9745086993480284 0.8602150537634409 0.037209302325581395 0.9456521739130435 0.7142857142857143 1.0 0.6666666666666666 1.0 0.4270833333333333
0.9828375401551083 0.989247311827957 0.7953488372093023 1.0 0.7142857142857143 0.6716417910447762 0.7555555555555555 0.9981280645395039 0.11458333333333333
0.9911159031391149 0.9247311827956989 0.8255813953488372 0.9782608695652174 0.44642857142857145 0.835820895522388 0.5555555555555556 0.9998188449554358 0.052083333333333336
0.9961293605267462 0.967741935483871 0.2604651162790698 0.967391304347826 0.8928571428571429 0.6716417910447762 0.9111111111111111 0.9983285427888215 0.020833333333333332
0.9653722133717773 1.0 0.2604651162790698 1.0 0.8392857142857143 0.835820895522388 0.3333333333333333 0.9878626120142026 0.3541666666666667
0.9784762562415827 0.978494623655914 0.38604651162790693 1.0 0.7142857142857143 0.6716417910447762 0.26666666666666666 0.9917514069708462 0.9895833333333334
0.7296407796198818 0.989247311827957 0.1883720930232558 0.9456521739130435 0.8928571428571429 0.835820895522388 0.9111111111111111 0.7933020941523152 0.6458333333333334
0.9981727028047497 0.8817204301075269 0.4790697674418604 0.9565217391304348 0.6071428571428571 1.0 0.6 0.9989782855486583 0.07291666666666667
0.9906454498280726 0.978494623655914 0.046511627906976744 1.0 0.8392857142857143 0.6716417910447762 0.8222222222222222 0.9997391367358277 0.6770833333333334
0.9684352076758597 0.9354838709677419 0.09767441860465116 0.9782608695652174 0.8928571428571429 0.835820895522388 0.9111111111111111 0.9702978188932635 0.10416666666666667
0.9452820397886392 0.9247311827956989 0.29767441860465116 0.9782608695652174 0.8035714285714286 0.6716417910447762 0.8666666666666667 0.9998188449554358 0.10416666666666667
0.9462249655236469 0.7096774193548387 0.08372093023255814 0.717391304347826 0.7142857142857143 0.6716417910447762 0.7555555555555555 0.9999806767952465 0.11458333333333333
0.9718676996448381 0.9139784946236559 0.14883720930232558 0.967391304347826 0.8928571428571429 0.835820895522388 0.9111111111111111 0.9711166396946934 0.0625
0.9403856909505378 0.7634408602150538 0.13488372093023257 0.7608695652173914 0.7142857142857143 0.835820895522388 0.8444444444444444 0.9661843916813604 0.9479166666666666
0.9872513210046298 0.9139784946236559 0.07209302325581396 0.967391304347826 0.8392857142857143 1.0 0.8222222222222222 0.9981981111567353 0.09375
0.9941445725235075 0.8172043010752689 0.7744186046511627 0.8260869565217391 0.8035714285714286 0.835820895522388 0.8666666666666667 0.999577304896017 0.041666666666666664
0.983746140970426 0.8817204301075269 0.07209302325581396 0.9565217391304348 0.7142857142857143 0.6716417910447762 0.7555555555555555 0.9999396149851453 0.9166666666666666
0.9565890721570385 0.9139784946236559 0.3023255813953488 0.967391304347826 0.8392857142857143 0.6716417910447762 0.8222222222222222 0.9998188449554358 0.3958333333333333
0.9940436168773611 0.6989247311827957 0.31627906976744186 0.6956521739130435 0.8392857142857143 0.835820895522388 0.8222222222222222 0.998731914688051 0.6041666666666666
0.9594158302491383 0.8602150537634409 0.08604651162790697 0.9565217391304348 0.8392857142857143 0.835820895522388 0.3333333333333333 0.9997777831453346 0.65625
0.9771840239709086 0.5268817204301075 0.2534883720930233 0.5217391304347826 0.8928571428571429 0.835820895522388 0.9111111111111111 0.9999396149851453 0.9479166666666666
0.9691075722791949 0.978494623655914 0.08372093023255814 0.9891304347826086 1.0 0.6716417910447762 0.9555555555555556 0.99577304896017 0.052083333333333336
0.9911825338655715 0.3333333333333333 0.05116279069767441 0.32608695652173914 0.8392857142857143 0.835820895522388 0.6222222222222222 0.9991739329967875 0.6354166666666666
0.9826356288628154 0.989247311827957 0.17209302325581396 1.0 0.8392857142857143 0.835820895522388 0.7333333333333333 0.9994565348663076 0.0625
0.9094084604869697 0.9247311827956989 0.17906976744186046 0.9782608695652174 0.6071428571428571 0.6716417910447762 0.6 0.9997922755488998 1.0
0.3682195664156909 0.6989247311827957 0.08372093023255814 0.6956521739130435 0.8928571428571429 0.835820895522388 0.9111111111111111 0.9996980749257264 0.5833333333333334
0.9734829899831808 0.8602150537634409 0.03255813953488372 0.9565217391304348 0.7142857142857143 0.835820895522388 0.26666666666666666 0.9999009685756383 0.11458333333333333
0.9876834111701365 0.9354838709677419 0.013953488372093023 0.9782608695652174 0.7142857142857143 0.6716417910447762 0.6666666666666666 0.9993357648365981 0.9895833333333334
0.9974902426367999 0.3763440860215054 0.2441860465116279 0.3804347826086957 0.7142857142857143 0.6716417910447762 0.26666666666666666 0.9986111446583416 0.9166666666666666
0.9917216370159934 1.0 0.2302325581395349 1.0 0.8392857142857143 0.6716417910447762 0.3333333333333333 0.9998188449554358 0.11458333333333333
0.18003824199876028 0.967741935483871 0.10697674418604652 0.9782608695652174 0.8392857142857143 1.0 0.8222222222222222 0.9998188449554358 0.6666666666666666
0.9802631711783745 0.956989247311828 0.17209302325581396 0.9891304347826086 0.8392857142857143 0.835820895522388 0.7333333333333333 0.9994565348663076 0.07291666666666667
0.9934722079201723 0.9032258064516129 0.037209302325581395 0.967391304347826 0.8392857142857143 0.6716417910447762 0.8222222222222222 0.999577304896017 0.6770833333333334
0.9973610194097325 0.21505376344086022 0.25813953488372093 0.20652173913043478 0.6071428571428571 0.6716417910447762 0.7111111111111111 0.9986280524625009 0.9166666666666666
0.9967694193233145 0.8172043010752689 0.33488372093023255 0.8260869565217391 0.7142857142857143 1.0 0.7555555555555555 0.999577304896017 0.0625
0.9511879450882049 0.8494623655913979 0.2116279069767442 0.9456521739130435 0.8928571428571429 0.835820895522388 0.9111111111111111 0.9996376899108718 0.0
0.9991923548308286 0.8172043010752689 0.555813953488372 0.8260869565217391 0.48214285714285715 0.835820895522388 0.5333333333333333 0.9993357648365981 0.6666666666666666
0.9741553545865159 1.0 0.541860465116279 1.0 0.7142857142857143 1.0 0.6666666666666666 0.999577304896017 0.03125
1.0 0.6881720430107527 0.49302325581395345 0.6956521739130435 0.7142857142857143 0.6716417910447762 0.7555555555555555 0.9993357648365981 0.03125
0.9826356288628154 0.956989247311828 0.3372093023255814 0.9891304347826086 0.8928571428571429 0.835820895522388 0.9111111111111111 0.9835148909446632 0.052083333333333336
0.997037961342064 0.978494623655914 0.016279069767441864 1.0 0.7142857142857143 0.6716417910447762 0.7555555555555555 0.9998985531750441 0.3854166666666667
0.9284042748658804 0.967741935483871 0.12325581395348839 0.9891304347826086 0.8928571428571429 0.6716417910447762 0.9555555555555556 0.9961522668534576 0.3645833333333333
0.9933954816291011 0.8817204301075269 0.07906976744186046 0.9565217391304348 0.8392857142857143 1.0 0.7333333333333333 0.9999589381898988 0.10416666666666667
0.9911159031391149 0.978494623655914 0.0627906976744186 1.0 0.8392857142857143 1.0 0.7333333333333333 0.999577304896017 0.3333333333333333
0.9945483951080932 0.8172043010752689 0.5744186046511628 0.8260869565217391 0.8035714285714286 0.835820895522388 0.8666666666666667 0.9990942247771792 0.10416666666666667
0.9993942661231214 0.6989247311827957 0.4581395348837209 0.6956521739130435 0.7142857142857143 0.6716417910447762 0.7555555555555555 0.9992149948068887 0.041666666666666664
0.998788532246243 0.43010752688172044 0.08139534883720931 0.42391304347826086 0.8392857142857143 1.0 0.7333333333333333 0.9988116229076592 0.9791666666666666
0.9294521944728804 1.0 0.08139534883720931 1.0 0.7142857142857143 1.0 0.7555555555555555 0.9989009927296442 0.40625
0.9974700515075707 0.4946236559139785 0.34651162790697676 0.5 0.48214285714285715 0.835820895522388 0.4222222222222222 0.9998623221661314 0.3229166666666667
0.9906454498280726 0.34408602150537637 0.037209302325581395 0.34782608695652173 0.8392857142857143 0.6716417910447762 0.6222222222222222 0.9998188449554358 0.6458333333333334
0.8730644278742578 0.6021505376344086 0.17674418604651165 0.5978260869565217 1.0 1.0 0.9555555555555556 0.9978044008598825 0.59375
0.9903668122447083 0.11827956989247312 0.10930232558139535 0.11956521739130435 0.6964285714285714 0.835820895522388 0.8 0.9993550880413516 0.6666666666666666
